150
60
120
230
55
115
240
235
435
545
225
180
335
520
405
375
305
690
120
410
540
580
595
495
610
335
585							
495
560
240
395
445
200
230
160
125
130
55
165
300
190
225
110
90
450
325
115
80
325
105
300
235
240
240								
55
160
345
165
165
75
75
180
310
250
75
205
75
495
97
231
650
325
210
40
65
255
670
210
253
305
231
375
300								
470
155
49
210
146
223
300
230
325
13
290
370
275
145
140
110
110
120
215
132
275
290
590
665
405
457
223
416								
235
4
15
250
59
100
160
100
120
220
260
514
420
110
98
8
450
430
295
97
123
200
345
280
375
375
125
42
220



